0.544594425
0.524159331
0.536104789
0.543003019
0.544741877
0.543386696
0.53270882
0.514615768
0.497266857
0.51018178
0.551168625
0.48777942
0.510019681
0.525484486
0.528949215
0.531986588
0.52943092
0.517270173
0.504353195
0.486585655
0.456103871
0.504514882
0.533717271
0.518680737
0.544977825
0.555821495
0.561142368
0.560739169
0.558435542
0.554554249
0.535648889
0.518686085
0.479668091
0.486074221
0.552254216
0.533832508
0.562675941
0.577787422
0.580759771
0.578721937
0.576408095
0.568409077
0.554169136
0.536572701
0.498618164
0.507035911
0.564252621
0.548526165
0.577219316
0.587866147
0.592622824
0.595569831
0.593142836
0.585966734
0.566687339
0.547028211
0.513924034
0.519503431
0.573238904
0.557577079
0.583310448
0.595514429
0.599960917
0.60308728
0.593933547
0.589543064
0.57366004
0.552013459
0.517798088
0.52828757
0.57988236
0.559229407
0.58840492
0.600581006
0.604254474
0.604997543
0.599018
0.591050807
0.577476625
0.557226781
0.521273837
0.52672849
0.580471124
0.561483452
0.58819002
0.598708879
0.602395509
0.607118397
0.602653657
0.591752136
0.580821736
0.559372388
0.519516239
0.532133545
0.580976988
0.557328415
0.586389399
0.590840208
0.596101754
0.597027126
0.594712498
0.589350388
0.571634121
0.549664076
0.51680273
0.525531171
0.562891503
0.547944437
0.572825927
0.585767567
0.591310818
0.587840492
0.584096909
0.576820423
0.561269788
0.536047367
0.503087797
0.509464572
0.595761416
0.523088604
0.546305796
0.559312656
0.564784989
0.565862215
0.562298577
0.546798821
0.535963698
0.514163776
0.483720496
0.537041418
0.598704591
0.57181484
0.583354242
0.596219464
0.589851349
0.585481296
0.575783995
0.560113611
0.538087887
0.550148462
